-825.0522 -1057.4541 91.0005
-825.0524 -1057.4541 91.0005
-825.0523 -1057.4541 91.0005
-825.0522 -1057.4541 91.0005
-825.0507 -1057.4487 91.0023
-825.0325 -1057.3787 91.0120
-825.0167 -1057.3035 90.9801
-825.0267 -1057.3151 90.9373
-825.0774 -1057.4198 90.9198
-825.1329 -1057.6194 90.9661
-825.2272 -1057.9829 91.0703
-825.3455 -1058.4423 91.1256
-825.4935 -1059.0072 91.2139
-825.6349 -1059.5682 91.3719
-825.8065 -1060.2712 91.5546
-825.9622 -1060.8906 91.7169
-826.0668 -1061.3691 91.8021
-826.1913 -1061.8937 91.8626
-826.3286 -1062.4451 91.9944
-826.4917 -1063.0997 92.2032
-826.6628 -1063.8610 92.4103
-826.8195 -1064.5426 92.5597
-826.9959 -1065.2882 92.7121
-827.1046 -1065.8170 92.8246
-827.2303 -1066.4003 92.9273
-827.3746 -1067.0256 93.1297
-827.4933 -1067.5454 93.3140
-827.6031 -1068.0378 93.4783
-827.7161 -1068.5311 93.5298
-827.8613 -1069.1858 93.5790
-828.0057 -1069.8185 93.7187
-828.1229 -1070.3591 93.9436
-828.2122 -1070.7877 94.1399
-828.3206 -1071.3115 94.2450
-828.4178 -1071.7286 94.3100
-828.5671 -1072.3154 94.3191
-828.6966 -1072.9299 94.4680
-828.8170 -1073.4514 94.7001
-828.9103 -1073.8911 94.9306
-828.9981 -1074.3254 95.0636
-829.1069 -1074.8359 95.0973
-829.2372 -1075.4191 95.1679
-829.3891 -1076.0940 95.3083
-829.5162 -1076.6890 95.5264
-829.6421 -1077.2593 95.7636
-829.7504 -1077.7440 95.9064
-829.8512 -1078.2408 95.9285
-829.9994 -1078.8519 95.9691
-830.1254 -1079.4146 96.1567
-830.2551 -1080.0028 96.3621
-830.3440 -1080.4683 96.5559
-830.4431 -1080.9238 96.6249
-830.5431 -1081.3405 96.6872
-830.6566 -1081.7937 96.7380
-830.7634 -1082.2964 96.8186
-830.8535 -1082.7014 97.0428
-830.9360 -1083.0609 97.1890
-831.0298 -1083.4474 97.1795
-831.1516 -1083.9376 97.2051
-831.2379 -1084.3302 97.3918
-831.2999 -1084.6165 97.5169
-831.3665 -1084.8938 97.5169
-831.4361 -1085.1895 97.4971
-831.5270 -1085.5355 97.5602
-831.5947 -1085.8434 97.6976
-831.6461 -1086.1001 97.8291
-831.7205 -1086.4114 97.8649
-831.7897 -1086.7018 97.8839
-831.8374 -1086.8966 97.9306
-831.9139 -1087.1849 97.9839
-832.0138 -1087.5591 98.0536
-832.1467 -1088.1066 98.1367
-832.2783 -1088.6400 98.2505
-832.3931 -1089.0940 98.4063
-832.5115 -1089.5492 98.5220
-832.6011 -1089.9421 98.5558
-832.6695 -1090.2404 98.5962
-832.7502 -1090.5323 98.6759
-832.8138 -1090.8005 98.7053
-832.8981 -1091.1479 98.7193
-832.9675 -1091.4272 98.7959
-833.0212 -1091.6571 98.8711
-833.0879 -1091.9373 98.9026
-833.1842 -1092.2972 98.9410
-833.2698 -1092.5951 99.0358
-833.3288 -1092.8572 99.1102
-833.3864 -1093.0994 99.1328
-833.4525 -1093.3173 99.1565
-833.5281 -1093.5867 99.1764
-833.6344 -1094.0068 99.2393
-833.7501 -1094.4089 99.3460
-833.8608 -1094.8169 99.4255
-833.9655 -1095.2091 99.4592
-834.1024 -1095.7161 99.4961
-834.2350 -1096.2316 99.5478
-834.4158 -1096.8748 99.6695
-834.5927 -1097.5470 99.8872
-834.7528 -1098.1268 99.9608
-834.9115 -1098.6754 100.0083
-835.0888 -1099.2538 100.0488
-835.2764 -1099.8849 100.0984
-835.4424 -1100.4656 100.1965
-835.6115 -1101.0265 100.2650
-835.7863 -1101.6041 100.3011
-835.9255 -1102.0745 100.3693
-836.0521 -1102.5264 100.4068
-836.1898 -1102.9838 100.4489
-836.3244 -1103.3882 100.5110
-836.4498 -1103.8027 100.5599
-836.6266 -1104.3517 100.5727
-836.7989 -1104.9117 100.6679
-836.9476 -1105.3966 100.7138
-837.1052 -1105.8977 100.6757
-837.2859 -1106.4465 100.6966
-837.4470 -1106.9524 100.6936
-837.5934 -1107.4084 100.6952
-837.7604 -1107.8956 100.7385
-837.9428 -1108.4258 100.7673
-838.1008 -1108.9036 100.8267
-838.2541 -1109.3895 100.8686
-838.4171 -1109.8713 100.8735
-838.5817 -1110.3470 100.8771
-838.7448 -1110.8297 100.8644
-838.8987 -1111.3011 100.8709
-839.0513 -1111.7834 100.8965
-839.2428 -1112.3513 100.8683
-839.4508 -1112.9663 100.9009
-839.6349 -1113.5352 100.9236
-839.8127 -1114.1108 100.9331
-840.0144 -1114.7371 100.9232
-840.1997 -1115.3113 100.9208
-840.3994 -1115.9231 100.9445
-840.5785 -1116.4841 100.9480
-840.7621 -1117.0425 100.9843
-840.9741 -1117.6691 100.9640
-841.1672 -1118.2354 100.9681
-841.3724 -1118.8196 100.9105
-841.5730 -1119.4390 100.9037
-841.7593 -1120.0231 100.9151
-841.9645 -1120.6439 100.9376
-842.1657 -1121.2231 100.9252
-842.3746 -1121.8701 100.8540
-842.5698 -1122.4797 100.8709
-842.7449 -1123.0360 100.9314
-842.9671 -1123.6860 100.9209
-843.1766 -1124.2809 100.9058
-843.3925 -1124.9098 100.8099
-843.6257 -1125.6156 100.7228
-843.8160 -1126.1841 100.7169
-844.0474 -1126.8973 100.7523
-844.2557 -1127.5240 100.7850
-844.5023 -1128.2308 100.7599
-844.7356 -1128.9156 100.6579
-844.9751 -1129.5996 100.6116
-845.2242 -1130.3503 100.5820
-845.4545 -1131.0331 100.5840
-845.7163 -1131.7861 100.5732
-845.9658 -1132.4851 100.5808
-846.2499 -1133.2876 100.5160
-846.4936 -1133.9965 100.4608
-846.7283 -1134.6772 100.3919
-846.9524 -1135.3285 100.3241
-847.2081 -1136.0365 100.2697
-847.4325 -1136.6362 100.2787
-847.6554 -1137.2927 100.2293
-847.8786 -1137.9271 100.1391
-848.1376 -1138.6146 100.0855
-848.3396 -1139.2053 100.0960
-848.5549 -1139.8206 100.0675
-848.7759 -1140.4067 100.0225
-849.0280 -1141.0646 99.9749
-849.2606 -1141.6918 99.9652
-849.4952 -1142.3468 99.9190
-849.7770 -1143.0369 99.7887
-850.0720 -1143.7986 99.6873
-850.3372 -1144.5029 99.6758
-850.6038 -1145.2235 99.6852
-850.8805 -1145.9587 99.6448
-851.1613 -1146.6619 99.4880
-851.4662 -1147.4362 99.3508
-851.7384 -1148.1549 99.3142
-852.0543 -1148.9601 99.2833
-852.3630 -1149.7474 99.1757
-852.6523 -1150.4858 99.0781
-853.0530 -1151.4222 98.9601
-853.3784 -1152.2032 98.9515
-853.7321 -1153.0791 98.8560
-854.0641 -1153.8613 98.7421
-854.4117 -1154.6659 98.6276
-854.7752 -1155.4858 98.5024
-855.0952 -1156.2440 98.4363
-855.3620 -1156.9089 98.4253
-855.6700 -1157.6113 98.2672
-856.0293 -1158.4012 98.1125
-856.3426 -1159.1337 98.0428
-856.5959 -1159.7266 98.0653
-856.8540 -1160.3000 97.9574
-857.1169 -1160.8760 97.7892
-857.4802 -1161.6351 97.6840
-857.7417 -1162.2161 97.6725
-857.9808 -1162.7230 97.5955
-858.2389 -1163.2517 97.3983
-858.5372 -1163.8552 97.2976
-858.7958 -1164.4011 97.3165
-859.0044 -1164.8357 97.3446
-859.2277 -1165.3016 97.2149
-859.4688 -1165.7881 96.9996
-859.7331 -1166.3113 96.8695
-860.0457 -1166.9056 96.8249
-860.3508 -1167.5138 96.7622
-860.6818 -1168.1726 96.7072
-861.0336 -1168.8379 96.5810
-861.3779 -1169.4779 96.3909
-861.7430 -1170.1694 96.2302
-862.0958 -1170.8311 96.1897
-862.4077 -1171.4036 96.1522
-862.7483 -1172.0295 95.9347
-863.0688 -1172.6041 95.8012
-863.3988 -1173.1841 95.6957
-863.7327 -1173.7756 95.5560
-864.1124 -1174.4093 95.4371
-864.4979 -1175.0475 95.3816
-864.8643 -1175.6677 95.2343
-865.2657 -1176.3518 95.0234
-865.7639 -1177.1361 94.8166
-866.2175 -1177.8754 94.6702
-866.6440 -1178.5742 94.4753
-867.1292 -1179.3083 94.2787
-867.6307 -1180.0615 94.1462
-868.0896 -1180.7375 93.9458
-868.5669 -1181.4392 93.6561
-869.0412 -1182.1357 93.3815
-869.5553 -1182.9159 93.1299
-870.0177 -1183.6403 93.0088
-870.4181 -1184.2642 92.8368
-870.8500 -1184.8859 92.5289
-871.3392 -1185.5481 92.1829
-871.7731 -1186.1438 91.9956
-872.1953 -1186.7625 91.8229
-872.6401 -1187.3965 91.6017
-873.1787 -1188.1167 91.2760
-873.7846 -1188.9156 90.9344
-874.3478 -1189.6846 90.6869
-874.9207 -1190.4718 90.4677
-875.4739 -1191.1987 90.2015
-875.9531 -1191.8062 89.9507
-876.3469 -1192.3137 89.7124
-876.8063 -1192.9158 89.3764
-877.1427 -1193.3197 89.2174
-877.5510 -1193.8191 88.9409
-877.8914 -1194.2410 88.8067
-878.2874 -1194.7615 88.5239
-878.7120 -1195.2798 88.2316
-879.1381 -1195.7820 88.0632
-879.5583 -1196.3074 87.8390
-879.9941 -1196.8544 87.6783
-880.4622 -1197.4336 87.3808
-881.0523 -1198.1458 87.0242
-881.6204 -1198.8059 86.7445
-882.1257 -1199.4155 86.4499
-882.6149 -1200.0065 86.1061
-883.1161 -1200.5796 85.8423
-883.6265 -1201.1793 85.5913
-884.1658 -1201.8182 85.3300
-884.6514 -1202.3884 85.0913
-885.1227 -1202.9198 84.8735
-885.5642 -1203.4336 84.6034
-886.1347 -1204.0759 84.2106
-886.7812 -1204.7898 83.7944
-887.4297 -1205.5236 83.5252
-888.1871 -1206.3419 83.2299
-888.8206 -1207.0378 82.9321
-889.4475 -1207.7301 82.6004
-889.9943 -1208.3473 82.2879
-890.5244 -1208.9465 81.9583
-890.9844 -1209.4578 81.7191
-891.4921 -1210.0110 81.5002
-891.8662 -1210.4363 81.3743
-892.2296 -1210.8409 81.1358
-892.7136 -1211.3374 80.8831
-893.3257 -1211.9592 80.6347
-893.9135 -1212.5767 80.4458
-894.4790 -1213.1667 80.1856
-895.0901 -1213.8030 79.8029
-895.7312 -1214.4790 79.5704
-896.2817 -1215.0754 79.3719
-896.9145 -1215.7520 79.0996
-897.4478 -1216.2891 78.8446
-897.8810 -1216.7444 78.6611
-898.2138 -1217.0988 78.5770
-898.5645 -1217.4607 78.4357
-898.8538 -1217.7394 78.3087
-899.1588 -1218.0516 78.1599
-899.5234 -1218.4235 78.0480
-900.0365 -1218.9392 77.8992
-900.5317 -1219.4346 77.7348
-901.0699 -1219.9736 77.5757
-901.6108 -1220.5500 77.3932
-902.1031 -1221.0466 77.2368
-902.5718 -1221.5072 77.0929
-903.0104 -1221.9364 76.9651
-903.4415 -1222.3950 76.7929
-903.8904 -1222.8458 76.6834
-904.3080 -1223.2753 76.7038
-904.6992 -1223.6859 76.5848
-905.1648 -1224.1323 76.3635
-905.6123 -1224.5615 76.2628
-906.0660 -1225.0070 76.2393
-906.5180 -1225.4617 76.2748
-906.9688 -1225.9189 76.1275
-907.4545 -1226.4041 75.9946
-908.0004 -1226.9487 75.9087
-908.5413 -1227.4724 75.8896
-909.0489 -1227.9802 75.8625
-909.6103 -1228.5450 75.8238
-910.1286 -1229.0610 75.8006
-910.6923 -1229.6193 75.7608
-911.1556 -1230.0715 75.7507
-911.7028 -1230.6107 75.8085
-912.2071 -1231.1034 75.8717
-912.7128 -1231.6067 75.9173
-913.2374 -1232.0997 75.8473
-913.7498 -1232.5908 75.8515
-914.2167 -1233.0481 75.9062
-914.6411 -1233.4893 75.9875
-915.0879 -1233.9087 76.0055
-915.4362 -1234.2283 76.0436
-915.9021 -1234.6995 76.0782
-916.2964 -1235.0699 76.0935
-916.6575 -1235.4044 76.1347
-916.9503 -1235.6843 76.1709
-917.4160 -1236.1365 76.1948
-917.7544 -1236.4702 76.2727
-918.0671 -1236.7841 76.4043
-918.4384 -1237.1271 76.4187
-918.7953 -1237.4683 76.5085
-919.0829 -1237.7522 76.5921
-919.3958 -1238.0524 76.6233
-919.6922 -1238.3081 76.6622
-919.9954 -1238.5942 76.6666
-920.3011 -1238.8937 76.6993
-920.5286 -1239.1046 76.7948
-920.7186 -1239.2935 76.8741
-920.9805 -1239.5582 76.9304
-921.1758 -1239.7406 76.9651
-921.4117 -1239.9449 76.9713
-921.6276 -1240.1453 76.9993
-921.8873 -1240.3906 77.0472
-922.1772 -1240.6467 77.1070
-922.5256 -1240.9602 77.1512
-922.8459 -1241.2507 77.2573
-923.1249 -1241.4968 77.3705
-923.4246 -1241.7717 77.4812
-923.6760 -1242.0129 77.5723
-923.9519 -1242.2668 77.5819
-924.3131 -1242.5801 77.6485
-924.6788 -1242.9001 77.7693
-925.1223 -1243.2964 77.8444
-925.6599 -1243.7808 77.9602
-926.1204 -1244.1946 78.1149
-926.5057 -1244.5168 78.1658
-926.8435 -1244.8167 78.2487
-927.0804 -1245.0466 78.4370
-927.3416 -1245.2860 78.4642
-927.6570 -1245.5498 78.4443
-927.9372 -1245.7815 78.5868
-928.2449 -1246.0404 78.6948
-928.5691 -1246.3185 78.7425
-928.8424 -1246.5605 78.8066
-929.1113 -1246.7961 78.8645
-929.3893 -1247.0294 78.9409
-929.6395 -1247.2372 79.0300
-929.9073 -1247.4530 79.1441
-930.1215 -1247.6259 79.2525
-930.3069 -1247.7791 79.2955
-930.5294 -1247.9565 79.3189
-930.7762 -1248.1548 79.3664
-931.1233 -1248.4391 79.4458
-931.4797 -1248.7312 79.5303
-931.7886 -1248.9829 79.6845
-932.0176 -1249.1821 79.7961
-932.2720 -1249.4033 79.7922
-932.5555 -1249.6188 79.8264
-932.7830 -1249.7924 79.9817
-933.1011 -1250.0306 80.0934
-933.5869 -1250.4027 80.0942
-934.0833 -1250.7618 80.1894
-934.5454 -1251.1235 80.4046
-934.9170 -1251.4264 80.5989
-935.2781 -1251.7068 80.7409
-935.5874 -1251.9299 80.8131
-935.8859 -1252.1326 80.8609
-936.2485 -1252.3799 80.8351
-936.6232 -1252.6436 80.8998
-937.0303 -1252.9316 81.0754
-937.4761 -1253.2578 81.2315
-937.8975 -1253.5532 81.3588
-938.2804 -1253.7983 81.5250
-938.5925 -1253.9906 81.6027
-938.9233 -1254.2128 81.6305
-939.2677 -1254.4393 81.6725
-939.6616 -1254.6918 81.7918
-939.9860 -1254.8954 81.9243
-940.2877 -1255.0836 82.0145
-940.5399 -1255.2383 82.0405
-940.7329 -1255.3610 82.0393
-940.9160 -1255.4717 82.0702
-941.1123 -1255.5756 82.1203
-941.3480 -1255.7024 82.1674
-941.6251 -1255.8633 82.2430
-941.9352 -1256.0446 82.3345
-942.2012 -1256.1960 82.4194
-942.5222 -1256.3904 82.4849
-942.8470 -1256.5527 82.5504
-943.2262 -1256.7181 82.5714
-943.5757 -1256.9108 82.6616
-943.9253 -1257.1003 82.7272
-944.3962 -1257.3237 82.7696
-944.8126 -1257.4973 82.8668
-945.2165 -1257.6813 83.0019
-945.6909 -1257.8733 82.9780
-946.3228 -1258.1191 82.9227
-946.8110 -1258.2968 83.0268
-947.3376 -1258.4922 83.1325
-947.8482 -1258.6847 83.1565
-948.4078 -1258.8441 83.1744
-948.9903 -1258.9609 83.1667
-949.5511 -1259.0271 83.1079
-950.1096 -1259.0522 83.0922
-950.7528 -1259.0728 83.1072
-951.3767 -1259.0771 83.0321
-952.0310 -1259.0265 82.9304
-952.6857 -1258.9061 82.8317
-953.2107 -1258.8219 82.7741
-953.6902 -1258.7213 82.6426
-954.1760 -1258.4818 82.3797
-954.5756 -1258.0609 82.2757
-954.9940 -1257.4880 82.1321
-955.4047 -1256.8801 81.9417
-955.8348 -1256.2153 81.6577
-956.3463 -1255.3972 81.2924
-956.8818 -1254.4972 80.9403
-957.3605 -1253.6664 80.6573
-957.8051 -1252.8145 80.3929
-958.1562 -1252.0742 80.1589
-958.4962 -1251.3176 79.7910
-958.6929 -1250.6028 79.4034
-958.7554 -1249.8623 79.1668
-958.7867 -1249.0516 78.9971
-958.8383 -1248.2572 78.8883
-958.8745 -1247.5457 78.7608
-958.9200 -1247.0009 78.5196
-959.0886 -1246.3948 78.0095
-959.4515 -1245.7753 77.7198
-959.8787 -1245.2172 77.6677
-960.3101 -1244.6724 77.5642
-960.7324 -1244.1427 77.2999
-961.1243 -1243.6207 76.8858
-961.4268 -1243.1440 76.6680
-961.7428 -1242.6049 76.4484
-962.1613 -1241.9446 76.1780
-962.6263 -1241.2832 75.9368
-963.1877 -1240.5259 75.6664
-963.7753 -1239.8079 75.4949
-964.3901 -1239.0656 75.3054
-965.0167 -1238.3553 75.0462
-965.7390 -1237.7708 74.8078
-966.4520 -1237.4548 74.6933
-967.0036 -1237.2996 74.6506
-967.5009 -1237.2241 74.5698
-967.9648 -1237.2124 74.4206
-968.5234 -1237.2125 74.3460
-969.0771 -1237.2207 74.3101
-969.7493 -1237.2164 74.2019
-970.4854 -1237.1759 74.0447
-971.1882 -1237.1198 73.9673
-971.8094 -1237.0714 73.9322
-972.4376 -1237.0264 73.8857
-973.1116 -1236.9749 73.7930
-973.7931 -1236.9199 73.7383
-974.4346 -1236.8695 73.7228
-975.1531 -1236.8137 73.6410
-975.8232 -1236.7537 73.6206
-976.5132 -1236.7050 73.6118
-977.2147 -1236.6694 73.6165
-978.0148 -1236.6379 73.4852
-978.7576 -1236.6350 73.4069
-979.5187 -1236.6759 73.4557
-980.2703 -1236.6969 73.4232
-980.9870 -1236.7041 73.3222
-981.7076 -1236.7190 73.2736
-982.3857 -1236.7449 73.3113
-983.0731 -1236.7791 73.3507
-983.8643 -1236.8164 73.2883
-984.6601 -1236.8633 73.2491
-985.4521 -1236.9103 73.1917
-986.1731 -1236.9569 73.1824
-986.9543 -1237.0139 73.2054
-987.6722 -1237.0609 73.2225
-988.4745 -1237.1149 73.1824
-989.2265 -1237.1810 73.1217
-990.0082 -1237.2531 73.1071
-990.7729 -1237.3171 73.1223
-991.4643 -1237.3859 73.1716
-992.2352 -1237.4689 73.1450
-993.0041 -1237.5469 73.1279
-993.7169 -1237.6346 73.1102
-994.4825 -1237.7103 73.0767
-995.1526 -1237.7705 73.0877
-995.8937 -1237.8500 73.1428
-996.5186 -1237.9189 73.1644
-997.3470 -1238.0085 73.0966
-997.9855 -1238.0903 73.0436
-998.7770 -1238.1914 73.0209
-999.4580 -1238.2788 73.0910
-1000.1379 -1238.3636 73.1614
-1000.8029 -1238.4434 73.1640
-1001.4732 -1238.5142 73.0870
-1002.1377 -1238.6035 73.0405
-1002.7870 -1238.6921 73.0415
-1003.4746 -1238.7839 73.0950
-1004.1046 -1238.8621 73.1213
-1004.7937 -1238.9565 73.1224
-1005.4400 -1239.0405 73.1290
-1006.1469 -1239.1202 73.0675
-1006.7789 -1239.2125 73.0687
-1007.4619 -1239.3220 73.0818
-1008.0799 -1239.4117 73.0956
-1008.6993 -1239.4995 73.0869
-1009.3024 -1239.5823 73.0730
-1009.9523 -1239.6687 73.1110
-1010.6521 -1239.7610 73.1425
-1011.3438 -1239.8572 73.1762
-1012.0039 -1239.9481 73.0901
-1012.6933 -1240.0251 73.0538
-1013.3469 -1240.1075 73.0863
-1013.9204 -1240.1951 73.1634
-1014.6295 -1240.3016 73.1570
-1015.3033 -1240.3873 73.1367
-1016.0200 -1240.4895 73.1546
-1016.6722 -1240.5826 73.1438
-1017.3726 -1240.6663 73.1355
-1017.9924 -1240.7419 73.1719
-1018.6605 -1240.8264 73.2091
-1019.2648 -1240.9031 73.2371
-1019.8852 -1240.9771 73.1868
-1020.5298 -1241.0552 73.1720
-1021.1005 -1241.1559 73.2160
-1021.6735 -1241.2512 73.2307
-1022.2843 -1241.3497 73.2571
-1022.9075 -1241.4417 73.2170
-1023.4598 -1241.5171 73.2120
-1023.9885 -1241.6138 73.2768
-1024.6473 -1241.7258 73.2681
-1025.3154 -1241.8346 73.2792
-1025.9398 -1241.9388 73.2479
-1026.6058 -1242.0288 73.2461
-1027.2145 -1242.1113 73.2480
-1027.8846 -1242.1982 73.2694
-1028.6044 -1242.2955 73.2834
-1029.2726 -1242.3813 73.2960
-1029.9346 -1242.4729 73.2895
-1030.6008 -1242.5684 73.2770
-1031.3173 -1242.6764 73.2863
-1031.9963 -1242.7695 73.2850
-1032.6804 -1242.8667 73.2799
-1033.4095 -1242.9650 73.3014
-1034.0745 -1243.0564 73.3264
-1034.6322 -1243.1361 73.2876
-1035.4257 -1243.2622 73.2703
-1036.0491 -1243.3661 73.2696
-1036.6350 -1243.4587 73.3342
-1037.2766 -1243.5791 73.3426
-1037.9288 -1243.6660 73.2726
-1038.5073 -1243.7351 73.2885
-1039.0920 -1243.8245 73.3539
-1039.6379 -1243.8951 73.3913
-1040.2192 -1243.9379 73.3653
-1040.7930 -1243.9797 73.3317
-1041.7262 -1244.0693 73.3095
-1042.4946 -1244.1395 73.3026
-1043.2437 -1244.2087 73.3521
-1044.0007 -1244.2858 73.4019
-1044.8293 -1244.3713 73.4029
-1045.6749 -1244.4391 73.3198
-1046.4204 -1244.5070 73.3153
-1047.2013 -1244.6005 73.3299
-1047.9668 -1244.6965 73.3846
-1048.7494 -1244.7947 73.3760
-1049.4878 -1244.8810 73.3031
-1050.2128 -1244.9745 73.2608
-1050.9561 -1245.0757 73.2781
-1051.7440 -1245.1868 73.3403
-1052.4294 -1245.2848 73.3442
-1053.1222 -1245.3730 73.2939
-1053.8123 -1245.4613 73.2282
-1054.4412 -1245.5621 73.2859
-1055.0719 -1245.6675 73.3545
-1055.7714 -1245.7810 73.3630
-1056.4272 -1245.8862 73.3245
-1057.1677 -1245.9766 73.2261
-1057.7971 -1246.0675 73.2299
-1058.3955 -1246.1763 73.3066
-1059.0660 -1246.2914 73.3785
-1059.7131 -1246.3947 73.3662
-1060.4125 -1246.4961 73.2654
-1061.1116 -1246.6036 73.2144
-1061.8335 -1246.7249 73.2476
-1062.5432 -1246.8668 73.2929
-1063.2662 -1246.9744 73.2386
-1063.8978 -1247.0697 73.2395
-1064.5704 -1247.1705 73.2719
-1065.1886 -1247.2648 73.3307
-1065.8672 -1247.3607 73.2971
-1066.4968 -1247.4418 73.2191
-1067.1473 -1247.5405 73.2371
-1067.7615 -1247.6481 73.3261
-1068.3405 -1247.7552 73.3583
-1068.9954 -1247.8425 73.3064
-1069.6102 -1247.9276 73.2880
-1070.2638 -1248.0181 73.2596
-1070.8564 -1248.1063 73.2327
-1071.4760 -1248.2151 73.2527
-1072.1057 -1248.3260 73.2683
-1072.6570 -1248.4158 73.3284
-1073.2596 -1248.5319 73.3377
-1073.8448 -1248.6191 73.2366
-1074.4030 -1248.7036 73.2470
-1075.0096 -1248.8090 73.2710
-1075.5753 -1248.8969 73.2884
-1076.1970 -1249.0140 73.2823
-1076.7822 -1249.1044 73.2187
-1077.4003 -1249.1791 73.1810
-1077.9741 -1249.2744 73.2338
-1078.6005 -1249.3783 73.2791
-1079.1080 -1249.4564 73.2860
-1079.8757 -1249.5630 73.2409
-1080.4888 -1249.6460 73.2398
-1081.0996 -1249.7310 73.2505
-1081.6986 -1249.8138 73.2933
-1082.3058 -1249.9017 73.3195
-1082.9248 -1249.9698 73.2942
-1083.6002 -1250.0525 73.2762
-1084.2125 -1250.1301 73.2650
-1084.8617 -1250.2369 73.2777
-1085.4579 -1250.3191 73.2430
-1086.0522 -1250.4045 73.2423
-1086.5590 -1250.4854 73.3213
-1087.0992 -1250.5549 73.3261
-1087.6278 -1250.6274 73.3402
-1088.1316 -1250.7001 73.3841
-1088.7081 -1250.7499 73.2771
-1089.2313 -1250.7893 73.2466
-1089.7769 -1250.8479 73.2867
-1090.3712 -1250.9220 73.3336
-1090.9382 -1250.9941 73.3459
-1091.5654 -1251.0470 73.3133
-1092.1295 -1251.1144 73.3250
-1092.7711 -1251.1819 73.2828
-1093.3396 -1251.2371 73.2885
-1094.0342 -1251.3142 73.3468
-1094.6389 -1251.3904 73.3922
-1095.3226 -1251.4735 73.3994
-1096.0162 -1251.5518 73.3372
-1096.6597 -1251.6080 73.2676
-1097.3274 -1251.6825 73.2936
-1097.9366 -1251.7397 73.3251
-1098.5969 -1251.8009 73.3501
-1099.2264 -1251.8597 73.3221
-1099.9131 -1251.9270 73.2925
-1100.5856 -1251.9821 73.3190
-1101.2548 -1252.0389 73.2983
-1101.8751 -1252.0795 73.2777
-1102.4331 -1252.1100 73.2695
-1103.1295 -1252.1631 73.2878
-1103.7682 -1252.2040 73.2937
-1104.3455 -1252.2545 73.3348
-1104.9449 -1252.2668 73.2789
-1105.5763 -1252.2898 73.2781
-1106.2079 -1252.3207 73.2712
-1106.8132 -1252.3425 73.2966
-1107.4094 -1252.3507 73.3134
-1108.0392 -1252.3579 73.3243
-1108.7151 -1252.3765 73.3403
-1109.3435 -1252.3760 73.3280
-1110.0142 -1252.3578 73.2950
-1110.5991 -1252.3492 73.3599
-1111.2477 -1252.3446 73.3895
-1111.8892 -1252.3115 73.3946
-1112.4949 -1252.2710 73.3299
-1113.0940 -1252.2423 73.2949
-1113.6743 -1252.2142 73.2907
-1114.2661 -1252.1989 73.3738
-1114.7922 -1252.1736 73.3712
-1115.4478 -1252.1357 73.3770
-1116.0242 -1252.1028 73.3583
-1116.5891 -1252.0571 73.3196
-1117.0955 -1252.0311 73.3265
-1117.7494 -1252.0034 73.3538
-1118.3036 -1251.9403 73.3568
-1118.8606 -1251.8799 73.3508
-1119.3799 -1251.8143 73.3088
-1120.0135 -1251.7036 73.2946
-1120.6202 -1251.5906 73.3653
-1121.1190 -1251.4719 73.3720
-1121.7512 -1251.3655 73.3789
-1122.2991 -1251.2902 73.2855
-1122.8436 -1251.2157 73.2281
-1123.4973 -1251.1025 73.2542
-1124.1021 -1251.0128 73.2897
-1124.6349 -1250.9202 73.3898
-1125.3496 -1250.8123 73.3040
-1125.9866 -1250.7484 73.1953
-1126.5432 -1250.7019 73.2003
-1127.2344 -1250.6191 73.2179
-1127.8082 -1250.5458 73.2811
-1128.4009 -1250.4631 73.2884
-1129.0005 -1250.3835 73.2695
-1129.5958 -1250.3058 73.2527
-1130.2657 -1250.2321 73.2798
-1130.8447 -1250.1537 73.2788
-1131.4210 -1250.0731 73.2945
-1131.9814 -1249.9934 73.2738
-1132.5270 -1249.9192 73.2742
-1133.0760 -1249.8329 73.3050
-1133.6425 -1249.7571 73.3125
-1134.2650 -1249.6466 73.3255
-1134.8655 -1249.5504 73.2313
-1135.5035 -1249.4662 73.1688
-1136.0659 -1249.3657 73.2549
-1136.6030 -1249.2734 73.3187
-1137.1602 -1249.1868 73.3335
-1137.7797 -1249.0917 73.3267
-1138.4280 -1248.9922 73.2523
-1139.0222 -1248.9006 73.2122
-1139.6560 -1248.7897 73.2107
-1140.2275 -1248.6932 73.2406
-1140.8464 -1248.5911 73.2532
-1141.4624 -1248.4894 73.2787
-1142.0486 -1248.3975 73.2628
-1142.6799 -1248.2889 73.2511
-1143.2117 -1248.1892 73.2575
-1143.9207 -1248.0619 73.2187
-1144.6165 -1247.9347 73.2025
-1145.2468 -1247.7968 73.2264
-1145.9358 -1247.6572 73.2376
-1146.5770 -1247.5400 73.2173
-1147.2588 -1247.4078 73.2261
-1147.9929 -1247.2598 73.2258
-1148.6239 -1247.1240 73.2427
-1149.2704 -1247.0006 73.2068
-1149.9629 -1246.8621 73.1869
-1150.6450 -1246.7224 73.1837
-1151.1650 -1246.6165 73.1949
-1151.8799 -1246.4694 73.2176
-1152.4973 -1246.3522 73.2147
-1153.1057 -1246.2195 73.2099
-1153.7206 -1246.0902 73.1747
-1154.3141 -1245.9645 73.1902
-1154.8053 -1245.8575 73.1981
-1155.4744 -1245.7163 73.2130
-1156.0439 -1245.5947 73.2465
-1156.6241 -1245.4768 73.2396
-1157.3071 -1245.3445 73.2338
-1157.8854 -1245.2241 73.2195
-1158.4716 -1245.1033 73.2136
-1159.0615 -1244.9875 73.2034
-1159.6515 -1244.8853 73.1876
-1160.2318 -1244.7765 73.1981
-1160.8757 -1244.6490 73.1969
-1161.4563 -1244.5360 73.2017
-1162.0396 -1244.4010 73.1930
-1162.6757 -1244.2672 73.1598
-1163.2332 -1244.1490 73.1590
-1163.7583 -1244.0327 73.2225
-1164.3125 -1243.9139 73.2183
-1164.9044 -1243.8013 73.2040
-1165.4299 -1243.7003 73.2319
-1165.9856 -1243.6071 73.1635
-1166.5470 -1243.5165 73.2012
-1167.0947 -1243.4249 73.2658
-1167.6143 -1243.3411 73.2157
-1168.1659 -1243.2527 73.2125
-1168.7683 -1243.1422 73.1896
-1169.3149 -1243.0471 73.2323
-1169.8972 -1242.9335 73.3198
-1170.4622 -1242.8411 73.3192
-1171.1292 -1242.7606 73.1924
-1171.7478 -1242.6632 73.1583
-1172.3490 -1242.5475 73.1968
-1172.9847 -1242.4243 73.2506
-1173.5780 -1242.3082 73.2874
-1174.2457 -1242.2006 73.2218
-1174.8898 -1242.0986 73.2364
-1175.4885 -1242.0018 73.2328
-1176.0858 -1241.9192 73.2036
-1176.7678 -1241.8223 73.2008
-1177.3453 -1241.7515 73.1898
-1177.9202 -1241.6562 73.2778
-1178.4731 -1241.5684 73.3091
-1179.0140 -1241.5095 73.2925
-1179.5636 -1241.4377 73.2794
-1180.1105 -1241.3677 73.2548
-1180.6249 -1241.2980 73.2901
-1181.2181 -1241.2086 73.3322
-1181.7999 -1241.1428 73.3109
-1182.3989 -1241.0560 73.3232
-1183.0024 -1240.9899 73.2413
-1183.6060 -1240.9194 73.2511
-1184.0806 -1240.8433 73.3429
-1184.5984 -1240.7604 73.3609
-1185.1313 -1240.6755 73.4115
-1185.6854 -1240.5856 73.3643
-1186.3010 -1240.5173 73.2788
-1186.8450 -1240.4441 73.2940
-1187.3850 -1240.3713 73.3041
-1187.9563 -1240.3047 73.3568
-1188.4960 -1240.2301 73.3573
-1189.0967 -1240.1505 73.3181
-1189.6864 -1240.0842 73.3097
-1190.2933 -1239.9998 73.3006
-1190.7892 -1239.9332 73.3599
-1191.3024 -1239.8672 73.3439
-1191.8000 -1239.8162 73.3652
-1192.2880 -1239.7660 73.3949
-1192.8344 -1239.6971 73.3934
-1193.3370 -1239.6379 73.3907
-1193.8700 -1239.5796 73.3898
-1194.3529 -1239.5326 73.4012
-1194.8920 -1239.4686 73.3910
-1195.4595 -1239.4056 73.4115
-1196.0063 -1239.3427 73.4943
-1196.5117 -1239.2760 73.5179
-1197.0811 -1239.2068 73.4865
-1197.6227 -1239.1451 73.5374
-1198.1241 -1239.0782 73.5100
-1198.6411 -1239.0131 73.4716
-1199.0748 -1238.9631 73.5628
-1199.5760 -1238.9095 73.5309
-1200.0853 -1238.8462 73.4796
-1200.5288 -1238.7948 73.5921
-1200.9596 -1238.7341 73.5786
-1201.4587 -1238.6647 73.5056
-1201.9454 -1238.6072 73.5034
-1202.4095 -1238.5513 73.5329
-1202.8783 -1238.4834 73.5629
-1203.3971 -1238.4047 73.5632
-1203.8685 -1238.3375 73.5823
-1204.3405 -1238.2684 73.5941
-1204.8544 -1238.1967 73.5829
-1205.3589 -1238.1201 73.6198
-1205.8225 -1238.0411 73.6557
-1206.3242 -1237.9565 73.6407
-1206.7643 -1237.8916 73.6288
-1207.1217 -1237.8401 73.6271
-1207.6790 -1237.7590 73.6472
-1208.1989 -1237.6737 73.6713
-1208.7007 -1237.5907 73.7521
-1209.1766 -1237.5197 73.7819
-1209.7209 -1237.4347 73.7438
-1210.2383 -1237.3473 73.6978
-1210.8093 -1237.2552 73.6663
-1211.3148 -1237.1644 73.6991
-1211.8066 -1237.0741 73.7057
-1212.3508 -1236.9893 73.7120
-1212.8923 -1236.8972 73.7152
-1213.3738 -1236.8116 73.7496
-1213.8970 -1236.7241 73.7709
-1214.3894 -1236.6401 73.7727
-1214.8770 -1236.5447 73.7984
-1215.4163 -1236.4570 73.7556
-1215.9016 -1236.3943 73.7370
-1216.3671 -1236.3043 73.7572
-1216.8424 -1236.2184 73.7591
-1217.3499 -1236.1445 73.7650
-1217.7986 -1236.0660 73.8032
-1218.2646 -1235.9951 73.8523
-1218.7085 -1235.9333 73.8520
-1219.1624 -1235.8696 73.8237
-1219.6101 -1235.8179 73.7948
-1220.0706 -1235.7471 73.8160
-1220.4987 -1235.6768 73.8363
-1220.9326 -1235.6262 73.8413
-1221.3951 -1235.5649 73.8473
-1221.8513 -1235.5062 73.8740
-1222.2328 -1235.4520 73.9099
-1222.6906 -1235.3792 73.9044
-1223.1317 -1235.3165 73.8697
-1223.5457 -1235.2612 73.8966