-1307.6941 -1055.5140 73.1235
-1307.6941 -1055.5140 73.1235
-1307.6941 -1055.5140 73.1235
-1307.6932 -1055.5139 73.1231
-1307.6838 -1055.5138 73.1199
-1307.6006 -1055.5159 73.0886
-1307.3916 -1055.5221 73.0501
-1307.1129 -1055.5304 73.1066
-1306.7671 -1055.5408 73.1081
-1306.2240 -1055.5566 73.0419
-1305.6316 -1055.5746 73.0646
-1305.0450 -1055.5924 73.1331
-1304.4274 -1055.6110 73.1360
-1303.7384 -1055.6316 73.0943
-1303.0502 -1055.6526 73.0826
-1302.3705 -1055.6741 73.0978
-1301.7351 -1055.6940 73.1016
-1301.0365 -1055.7158 73.0896
-1300.3372 -1055.7374 73.0762
-1299.7100 -1055.7576 73.0921
-1299.0776 -1055.7776 73.1125
-1298.4351 -1055.7966 73.1123
-1297.7222 -1055.8171 73.0933
-1297.0580 -1055.8345 73.0600
-1296.4015 -1055.8506 73.0594
-1295.6865 -1055.8661 73.0843
-1294.9626 -1055.8831 73.0740
-1294.2977 -1055.8987 73.0695
-1293.6255 -1055.9158 73.0235
-1292.9301 -1055.9298 73.0675
-1292.2799 -1055.9448 73.0625
-1291.5988 -1055.9591 73.1146
-1290.8895 -1055.9751 73.0561
-1290.2595 -1055.9901 73.0478
-1289.5977 -1056.0023 73.0981
-1288.9166 -1056.0162 73.1017
-1288.2407 -1056.0299 73.1234
-1287.5585 -1056.0433 73.1165
-1286.8953 -1056.0583 73.0630
-1286.1860 -1056.0736 73.0467
-1285.4087 -1056.0883 73.0385
-1284.7196 -1056.1012 73.1032
-1283.9653 -1056.1156 73.1234
-1283.2568 -1056.1296 73.1040
-1282.5472 -1056.1438 73.0902
-1281.7255 -1056.1586 73.0886
-1280.9531 -1056.1724 73.0905
-1280.1300 -1056.1869 73.1081
-1279.3635 -1056.2014 73.0786
-1278.5576 -1056.2185 73.0964
-1277.8207 -1056.2339 73.0967
-1277.0881 -1056.2504 73.1005
-1276.2961 -1056.2690 73.1357
-1275.5514 -1056.2875 73.0959
-1274.7402 -1056.3092 73.0458
-1274.0276 -1056.3313 73.0733
-1273.3319 -1056.3558 73.1168
-1272.5773 -1056.3817 73.1522
-1271.8136 -1056.3680 73.1187
-1271.1285 -1056.3199 73.1012
-1270.4188 -1056.2250 73.0970
-1269.7861 -1056.0935 73.0929
-1269.1733 -1055.9218 73.0927
-1268.5358 -1055.7155 73.1060
-1267.9185 -1055.4558 73.0930
-1267.3750 -1055.1932 73.0675
-1266.8478 -1054.9102 73.0482
-1266.3521 -1054.5978 73.0438
-1265.8721 -1054.2695 73.0669
-1265.3840 -1053.9390 73.0725
-1264.8936 -1053.5925 73.0563
-1264.3739 -1053.2394 73.0109
-1263.8097 -1052.8690 73.0064
-1263.2595 -1052.5134 73.0560
-1262.7039 -1052.1635 73.1035
-1262.1216 -1051.7976 73.1015
-1261.5447 -1051.4374 73.0753
-1260.9677 -1051.0789 73.0729
-1260.3967 -1050.7238 73.0857
-1259.8193 -1050.3649 73.0902
-1259.1433 -1049.9446 73.0842
-1258.5642 -1049.5850 73.0807
-1257.9574 -1049.2081 73.0669
-1257.3313 -1048.8202 73.0734
-1256.5526 -1048.3391 73.0920
-1255.9263 -1047.9518 73.0894
-1255.3020 -1047.5657 73.0803
-1254.6766 -1047.1793 73.0782
-1254.0575 -1046.7971 73.0817
-1253.3342 -1046.3513 73.0836
-1252.7180 -1045.9713 73.0816
-1252.0958 -1045.5852 73.0801
-1251.5292 -1045.2456 73.0798
-1250.7524 -1044.7870 73.0808
-1250.1356 -1044.4213 73.0813
-1249.5433 -1044.0697 73.0681
-1248.7728 -1043.6122 73.0730
-1248.1030 -1043.2246 73.0902
-1247.4336 -1042.8372 73.0921
-1246.7747 -1042.4528 73.0780
-1246.1216 -1042.0795 73.0818
-1245.4609 -1041.7288 73.0976
-1244.8165 -1041.3827 73.1106
-1244.1116 -1041.0044 73.1066
-1243.4567 -1040.6875 73.1120
-1242.7382 -1040.3427 73.1164
-1242.0156 -1039.9924 73.0950
-1241.3322 -1039.7048 73.0481
-1240.5947 -1039.4360 73.0438
-1239.9301 -1039.1899 73.0445
-1239.2499 -1038.9286 73.1054
-1238.5470 -1038.6813 73.1074
-1237.8324 -1038.4680 73.1237
-1237.1696 -1038.2698 73.0979
-1236.3917 -1038.0490 73.0418
-1235.6125 -1037.8252 73.0463
-1234.9119 -1037.6279 73.0738
-1234.1451 -1037.4352 73.0955
-1233.4415 -1037.2780 73.1018
-1232.7299 -1037.1462 73.0732
-1231.9718 -1037.0452 73.0690
-1231.2870 -1036.9517 73.1198
-1230.5360 -1036.8525 73.1010
-1229.8473 -1036.7820 73.0969
-1229.0730 -1036.7037 73.0424
-1228.3054 -1036.6216 73.0697
-1227.5834 -1036.5367 73.0879
-1226.8611 -1036.4757 73.1098
-1226.0676 -1036.4209 73.0974
-1225.2693 -1036.3759 73.0236
-1224.5170 -1036.3571 73.0625
-1223.8180 -1036.3383 73.1147
-1223.0608 -1036.3173 73.1098
-1222.2217 -1036.2963 73.0653
-1221.4747 -1036.2806 73.0636
-1220.7184 -1036.2720 73.1373
-1219.9618 -1036.2605 73.1614
-1219.2069 -1036.2466 73.1857
-1218.5148 -1036.2357 73.1737
-1217.7524 -1036.2269 73.1589
-1217.0703 -1036.2155 73.1714
-1216.3221 -1036.2043 73.1757
-1215.5762 -1036.1919 73.1749
-1214.8356 -1036.1847 73.1724
-1214.0934 -1036.1750 73.1692
-1213.4114 -1036.1708 73.1677
-1212.6808 -1036.1644 73.1747
-1212.0067 -1036.1608 73.1758
-1211.2695 -1036.1565 73.1703
-1210.5955 -1036.1489 73.1735
-1209.8557 -1036.1443 73.1682
-1209.2474 -1036.1398 73.1775
-1208.4720 -1036.1290 73.1727
-1207.7457 -1036.1145 73.1772
-1207.0763 -1036.1002 73.1728
-1206.3599 -1036.0857 73.1758
-1205.6367 -1036.0715 73.1673
-1204.9775 -1036.0565 73.1709
-1204.2637 -1036.0371 73.1678
-1203.6118 -1036.0176 73.1703
-1202.9009 -1035.9983 73.1669
-1202.1964 -1035.9802 73.1777
-1201.5491 -1035.9655 73.1746
-1200.8979 -1035.9506 73.1733
-1200.1918 -1035.9349 73.1691
-1199.4871 -1035.9211 73.1736
-1198.8351 -1035.9058 73.1771
-1198.1304 -1035.8889 73.1766
-1197.4799 -1035.8702 73.1737
-1196.7761 -1035.8517 73.1696
-1196.2302 -1035.8359 73.1655
-1195.4746 -1035.8156 73.1698
-1194.8336 -1035.7993 73.1732
-1194.0308 -1035.7827 73.1731
-1193.3839 -1035.7676 73.1722
-1192.7307 -1035.7516 73.1712
-1192.0864 -1035.7319 73.1718
-1191.4421 -1035.7195 73.1685
-1190.8503 -1035.7032 73.1681
-1190.0939 -1035.6899 73.1745
-1189.4492 -1035.6758 73.1718
-1188.8057 -1035.6638 73.1743
-1188.2192 -1035.6526 73.1709
-1187.4651 -1035.6376 73.1663
-1186.8275 -1035.6228 73.1749
-1186.1896 -1035.6075 73.1757
-1185.5558 -1035.5865 73.1808
-1184.9154 -1035.5746 73.1721
-1184.2756 -1035.5607 73.1728
-1183.5775 -1035.5493 73.1672
-1182.9055 -1035.5375 73.1597
-1182.1681 -1035.5291 73.1661
-1181.4375 -1035.5188 73.1754
-1180.7590 -1035.5117 73.1757
-1180.0211 -1035.5023 73.1721
-1179.3478 -1035.5005 73.1693
-1178.6758 -1035.4951 73.1734
-1177.9495 -1035.4910 73.1707
-1177.2186 -1035.4855 73.1798
-1176.4965 -1035.4796 73.1740
-1175.8265 -1035.4716 73.1705
-1175.1628 -1035.4631 73.1667
-1174.4442 -1035.4498 73.1729
-1173.7885 -1035.4358 73.1740
-1173.1334 -1035.4276 73.1649
-1172.4850 -1035.4175 73.1835
-1171.7555 -1035.4130 73.1858
-1171.0100 -1035.4080 73.1491
-1170.2450 -1035.4053 73.0680
-1169.5579 -1035.4052 73.0484
-1168.8312 -1035.4067 73.1012
-1168.1531 -1035.4099 73.1192
-1167.4703 -1035.4067 73.0967
-1166.7181 -1035.3965 73.0852
-1165.9753 -1035.3892 73.0889
-1165.2817 -1035.3822 73.0891
-1164.5197 -1035.3751 73.1028
-1163.8132 -1035.3674 73.1116
-1163.0366 -1035.3602 73.0881
-1162.2651 -1035.3523 73.0687
-1161.6262 -1035.3469 73.1051
-1160.8114 -1035.3413 73.1107
-1160.0416 -1035.3337 73.0802
-1159.2717 -1035.3270 73.0628
-1158.5830 -1035.3214 73.0781
-1157.9113 -1035.3179 73.1224
-1157.1550 -1035.3125 73.0819
-1156.4778 -1035.3074 73.0914
-1155.7943 -1035.3036 73.0826
-1155.0527 -1035.2993 73.1018
-1154.3036 -1035.2947 73.0899
-1153.5410 -1035.2904 73.0763
-1152.8580 -1035.2852 73.0453
-1152.1273 -1035.2819 73.0527
-1151.4541 -1035.2773 73.0222
-1150.7637 -1035.2760 73.1179
-1150.1077 -1035.2742 73.1039
-1149.3999 -1035.2703 73.0801
-1148.7439 -1035.2671 73.0647
-1148.0957 -1035.2651 73.0906
-1147.3967 -1035.2634 73.1094
-1146.7401 -1035.2625 73.0951
-1146.0155 -1035.2599 73.0576
-1145.3787 -1035.2584 73.0721
-1144.7504 -1035.2594 73.0956
-1144.0625 -1035.2557 73.1120
-1143.4344 -1035.2527 73.1375
-1142.7859 -1035.2507 73.1413
-1142.1270 -1035.2476 73.1129
-1141.4366 -1035.2438 73.0900
-1140.7224 -1035.2412 73.0776
-1140.0236 -1035.2391 73.0857
-1139.3331 -1035.2368 73.0923
-1138.5391 -1035.2354 73.0929
-1137.8441 -1035.2338 73.0979
-1137.1639 -1035.2328 73.1092
-1136.4696 -1035.2313 73.0677
-1135.7836 -1035.2290 73.0597
-1135.0619 -1035.2297 73.1193
-1134.3862 -1035.2296 73.1057
-1133.7013 -1035.2289 73.0963
-1133.0179 -1035.2280 73.0768
-1132.3497 -1035.2280 73.1073
-1131.6702 -1035.2292 73.1025
-1130.9801 -1035.2289 73.0648
-1130.3069 -1035.2284 73.0531
-1129.6381 -1035.2303 73.0530
-1128.9830 -1035.2311 73.0915
-1128.3275 -1035.2347 73.1104
-1127.6051 -1035.2346 73.0602
-1126.9487 -1035.2360 73.0516
-1126.2476 -1035.2383 73.0773
-1125.6057 -1035.2417 73.1152
-1124.8894 -1035.2444 73.0898
-1124.2384 -1035.2462 73.0860
-1123.5178 -1035.2495 73.0918
-1122.8032 -1035.2533 73.1048
-1122.0677 -1035.2567 73.0804
-1121.3947 -1035.2596 73.0646
-1120.7750 -1035.2625 73.0453
-1119.9572 -1035.2681 73.0779
-1119.3026 -1035.2719 73.0686
-1118.6620 -1035.2762 73.1047
-1117.9572 -1035.2812 73.0935
-1117.3132 -1035.2855 73.0940
-1116.6686 -1035.2915 73.1178
-1116.0220 -1035.2963 73.1065
-1115.3743 -1035.3015 73.0966
-1114.6658 -1035.3074 73.1080
-1114.0073 -1035.3131 73.1028
-1113.2920 -1035.3195 73.1048
-1112.5575 -1035.3259 73.0640
-1111.8961 -1035.3320 73.0558
-1111.1912 -1035.3406 73.0870
-1110.5228 -1035.3480 73.0887
-1109.8562 -1035.3545 73.0860
-1109.1260 -1035.3615 73.0555
-1108.3531 -1035.3701 73.0692
-1107.6940 -1035.3782 73.0855
-1107.0387 -1035.3866 73.0996
-1106.3702 -1035.3944 73.0858
-1105.7057 -1035.4026 73.0889
-1105.0988 -1035.4109 73.0886
-1104.3207 -1035.4219 73.0812
-1103.6019 -1035.4313 73.0905
-1102.9358 -1035.4396 73.0821
-1102.2832 -1035.4468 73.0911
-1101.5654 -1035.4531 73.0818
-1100.9268 -1035.4565 73.1237
-1100.2183 -1035.4562 73.1195
-1099.5081 -1035.4664 73.1079
-1098.8497 -1035.4736 73.1120
-1098.1246 -1035.4806 73.0811
-1097.4716 -1035.4951 73.0906
-1096.7477 -1035.5255 73.0693
-1096.0370 -1035.5514 73.0892
-1095.3792 -1035.5717 73.0824
-1094.7292 -1035.5975 73.0831
-1094.0403 -1035.6538 73.0905
-1093.4064 -1035.7325 73.0932
-1092.7668 -1035.8092 73.1061
-1092.0796 -1035.8918 73.1135
-1091.4021 -1036.0054 73.1083
-1090.8132 -1036.1252 73.1094
-1090.1931 -1036.3159 73.0609
-1089.6351 -1036.5410 73.0720
-1089.1237 -1036.7666 73.0756
-1088.6373 -1037.0317 73.0641
-1088.1763 -1037.2986 73.1248
-1087.6392 -1037.6006 73.0597
-1087.1584 -1037.8716 73.0626
-1086.6479 -1038.1669 73.0943
-1086.1416 -1038.4839 73.0693
-1085.6737 -1038.8217 73.0561
-1085.2051 -1039.1674 73.0563
-1084.6973 -1039.5369 73.0703
-1084.2070 -1039.9097 73.0944
-1083.7798 -1040.2559 73.0970
-1083.3665 -1040.6338 73.0871
-1083.0481 -1040.9764 73.0856
-1082.7865 -1041.3201 73.0787
-1082.5671 -1041.6805 73.0634
-1082.3921 -1042.0228 73.0557
-1082.1908 -1042.4677 73.0576
-1082.0294 -1042.8645 73.0614
-1081.8584 -1043.3118 73.0628
-1081.6943 -1043.7271 73.0619
-1081.4900 -1044.2321 73.0404
-1081.2817 -1044.7498 73.0379
-1081.0437 -1045.3392 73.0347
-1080.7816 -1045.9922 73.0470
-1080.4988 -1046.7048 73.0818
-1080.2064 -1047.4353 73.0810
-1079.9358 -1048.1118 73.0606
-1079.6660 -1048.7870 73.0523
-1079.3896 -1049.4779 73.0751
-1079.1583 -1050.0565 73.0897
-1078.8938 -1050.7146 73.0436
-1078.6340 -1051.3632 73.0247
-1078.4048 -1051.9436 73.0411
-1078.1599 -1052.5195 73.0588
-1077.8668 -1053.1410 73.0690
-1077.5360 -1053.7474 73.0273
-1077.2019 -1054.2460 73.0034
-1076.8035 -1054.7467 72.9635
-1076.4219 -1055.1654 72.9744
-1076.0453 -1055.5544 72.9844
-1075.6365 -1055.9150 72.9944
-1075.2264 -1056.2239 73.0331
-1074.8821 -1056.4462 73.0247
-1074.5349 -1056.6206 72.9995
-1074.1786 -1056.7483 73.0250
-1073.8735 -1056.8577 73.0492
-1073.5752 -1056.9590 73.0190
-1073.2894 -1057.0120 72.9939
-1072.9989 -1057.0217 72.9815
-1072.7263 -1057.0272 72.9491
-1072.4597 -1057.0347 72.9564
-1072.2048 -1057.0376 73.0066
-1071.9860 -1057.0380 73.0063
-1071.7736 -1057.0305 72.9479
-1071.5616 -1057.0002 72.8832
-1071.3828 -1056.9489 72.8629
-1071.2147 -1056.9009 72.9006
-1071.0110 -1056.8411 72.9383
-1070.8281 -1056.7804 72.9330
-1070.6420 -1056.7087 72.9279
-1070.4683 -1056.6390 72.9138
-1070.2415 -1056.5493 72.8739
-1070.0037 -1056.4395 72.8454
-1069.6472 -1056.2332 72.8153
-1069.2983 -1056.0103 72.8558
-1068.9161 -1055.7867 72.8861
-1068.4838 -1055.5408 72.8224
-1068.0615 -1055.2902 72.7579
-1067.6471 -1055.0227 72.7496
-1067.1818 -1054.7095 72.7200
-1066.7308 -1054.4159 72.6912
-1066.2275 -1054.0878 72.6753
-1065.7327 -1053.7517 72.6806
-1065.3105 -1053.4272 72.6889
-1064.9235 -1053.0752 72.6464
-1064.5499 -1052.6875 72.5990
-1064.2439 -1052.3145 72.5771
-1063.9746 -1051.9255 72.5994
-1063.7306 -1051.5205 72.6286
-1063.4766 -1051.0618 72.5928
-1063.2750 -1050.6373 72.5589
-1063.0989 -1050.1556 72.5276
-1062.9585 -1049.6543 72.5152
-1062.8326 -1049.1271 72.5171
-1062.7203 -1048.6190 72.4969
-1062.5940 -1048.0465 72.4713
-1062.4664 -1047.4629 72.4581
-1062.3447 -1046.9137 72.4527
-1062.2133 -1046.2649 72.4432
-1062.1248 -1045.6913 72.4270
-1062.0416 -1045.1040 72.4129
-1061.9535 -1044.5123 72.4046
-1061.8710 -1043.9109 72.3963
-1061.8086 -1043.2979 72.3829
-1061.7382 -1042.6130 72.3691
-1061.6766 -1042.0299 72.3629
-1061.6147 -1041.2891 72.3544
-1061.5906 -1040.6375 72.3351
-1061.5638 -1039.9132 72.3113
-1061.5303 -1039.1893 72.2945
-1061.5186 -1038.5142 72.2828
-1061.5105 -1037.8280 72.2717
-1061.4941 -1037.0718 72.2571
-1061.4840 -1036.3090 72.2395
-1061.4812 -1035.5936 72.2224
-1061.4762 -1034.8759 72.2064
-1061.4725 -1034.0844 72.1888
-1061.4745 -1033.4380 72.2154
-1061.4742 -1032.8387 72.2091
-1061.4785 -1032.2915 72.1345
-1061.4784 -1031.7534 72.1649
-1061.4761 -1031.3269 72.1660
-1061.4802 -1030.8549 72.0944
-1061.4824 -1030.4480 72.0711
-1061.4788 -1029.9324 72.0903
-1061.4773 -1029.4347 72.0955
-1061.4935 -1028.9321 72.0735
-1061.5405 -1028.4596 72.0506
-1061.6165 -1027.9385 72.0425
-1061.6987 -1027.3987 72.0419
-1061.7755 -1026.8934 72.0343
-1061.8715 -1026.3436 72.0228
-1061.9689 -1025.8809 72.0144
-1062.1058 -1025.3221 72.0203
-1062.2391 -1024.8823 72.0348
-1062.3914 -1024.4645 72.0212
-1062.5623 -1024.1074 72.0004
-1062.7468 -1023.8166 71.9502
-1062.9690 -1023.5302 71.9135
-1063.1642 -1023.3005 71.9455
-1063.3931 -1023.0417 71.9577
-1063.6191 -1022.8171 71.9572
-1063.8589 -1022.6075 71.9533
-1064.1737 -1022.3482 71.9101
-1064.4539 -1022.1302 71.9623
-1064.7021 -1021.9330 72.0246
-1064.9435 -1021.7518 72.0245
-1065.1871 -1021.6003 72.0163
-1065.3896 -1021.4900 72.0395
-1065.6019 -1021.3838 72.0536
-1065.7991 -1021.2978 72.0563
-1065.9637 -1021.2448 72.0502
-1066.1326 -1021.1982 72.0392
-1066.2815 -1021.1611 72.0503
-1066.4222 -1021.1235 72.0540
-1066.6379 -1021.0607 72.0444
-1066.8447 -1021.0174 72.1023
-1067.0466 -1020.9824 72.1243
-1067.3486 -1020.9436 72.0463
-1067.8368 -1020.9153 71.9945
-1068.2418 -1020.9018 72.1383
-1068.7197 -1020.8955 72.2111
-1069.3024 -1020.8777 72.1122
-1069.9100 -1020.8424 72.1800
-1070.4546 -1020.8173 72.2522
-1071.0750 -1020.7936 72.2203
-1071.7216 -1020.7672 72.2140
-1072.4104 -1020.7341 72.2162
-1072.9976 -1020.7051 72.3000
-1073.6512 -1020.6716 72.3098
-1074.2402 -1020.6397 72.3001
-1074.8563 -1020.6085 72.3395
-1075.4070 -1020.5877 72.3596
-1075.9398 -1020.5662 72.4172
-1076.5454 -1020.5556 72.4041
-1077.1357 -1020.5450 72.4090
-1077.6781 -1020.5451 72.4111
-1078.2107 -1020.5369 72.4350
-1078.8000 -1020.5282 72.4213
-1079.3167 -1020.5114 72.4382
-1079.8840 -1020.5053 72.4565
-1080.5189 -1020.4979 72.4207
-1081.0820 -1020.4950 72.4848
-1081.6945 -1020.4951 72.5381
-1082.2770 -1020.4886 72.5176
-1082.8962 -1020.4780 72.5197
-1083.4679 -1020.4751 72.5260
-1083.9431 -1020.4713 72.5276
-1084.6306 -1020.4559 72.5558
-1085.1412 -1020.4445 72.5454
-1085.7706 -1020.4398 72.5817
-1086.3120 -1020.4438 72.5953
-1086.8945 -1020.4358 72.6266
-1087.5414 -1020.4492 72.5875
-1088.1646 -1020.4604 72.5766
-1088.7815 -1020.4720 72.5996
-1089.3835 -1020.4773 72.6119
-1089.9663 -1020.4849 72.6609
-1090.5669 -1020.4990 72.6571
-1091.1531 -1020.5121 72.6799
-1091.7452 -1020.5183 72.6729
-1092.4308 -1020.5160 72.6309
-1092.9954 -1020.5167 72.6675
-1093.5596 -1020.5233 72.6960
-1094.1047 -1020.5228 72.7181
-1094.8191 -1020.5182 72.7299
-1095.4391 -1020.5246 72.7207
-1096.0518 -1020.5317 72.7090
-1096.6356 -1020.5342 72.7394
-1097.2222 -1020.5324 72.7485
-1097.7985 -1020.5357 72.7769
-1098.3711 -1020.5414 72.8166
-1099.0071 -1020.5388 72.7604
-1099.6385 -1020.5327 72.7521
-1100.2053 -1020.5279 72.7642
-1100.8025 -1020.5164 72.8221
-1101.3628 -1020.5168 72.8471
-1101.9877 -1020.5076 72.8118
-1102.5996 -1020.4957 72.7989
-1103.1986 -1020.4861 72.8133
-1103.6832 -1020.4821 72.8118
-1104.3579 -1020.4808 72.8581
-1104.9099 -1020.4757 72.8639
-1105.4637 -1020.4628 72.8435
-1106.0022 -1020.4621 72.8836
-1106.5105 -1020.4529 72.8715
-1107.1498 -1020.4428 72.8448
-1107.6879 -1020.4197 72.8656
-1108.1907 -1020.4103 72.8716
-1108.7717 -1020.4077 72.9116
-1109.4026 -1020.3915 72.8912
-1109.9456 -1020.3911 72.8766
-1110.5333 -1020.3848 72.8544
-1111.0940 -1020.3865 72.9098
-1111.6243 -1020.3770 72.9000
-1112.1895 -1020.3618 72.9056
-1112.8286 -1020.3560 72.9171
-1113.4293 -1020.3481 72.9022
-1114.0667 -1020.3359 72.9146
-1114.6638 -1020.3230 72.8999
-1115.2563 -1020.3172 72.8957
-1115.8828 -1020.3075 72.9329
-1116.4626 -1020.2925 72.9444
-1117.1119 -1020.2719 72.9436
-1117.7389 -1020.2610 72.9441
-1118.4144 -1020.2460 72.9684
-1119.0986 -1020.2284 72.9537
-1119.7201 -1020.2170 72.9617
-1120.3464 -1020.2197 72.9461
-1121.0439 -1020.2144 72.9939
-1121.6616 -1020.2035 72.9722
-1122.2532 -1020.1981 72.9689
-1122.8334 -1020.2017 72.9893
-1123.4618 -1020.1943 72.9963
-1124.0272 -1020.1791 73.0597
-1124.6715 -1020.1690 73.0359
-1125.3654 -1020.1655 73.0211
-1125.9789 -1020.1616 72.9820
-1126.5835 -1020.1506 72.9760
-1127.1801 -1020.1469 72.9627
-1127.7526 -1020.1492 73.0111
-1128.3752 -1020.1492 73.0425
-1128.9590 -1020.1492 73.0328
-1129.5555 -1020.1403 73.0411
-1130.2197 -1020.1400 73.0128
-1130.8239 -1020.1399 73.0399
-1131.4282 -1020.1361 73.0416
-1132.0386 -1020.1334 73.0366
-1132.6476 -1020.1285 73.0287
-1133.2986 -1020.1321 73.0603
-1133.9004 -1020.1268 73.0449
-1134.5034 -1020.1205 73.0532
-1135.1086 -1020.1134 73.0450
-1135.7616 -1020.1086 73.0652
-1136.3584 -1020.1024 73.0790
-1136.9647 -1020.0920 73.0667
-1137.5756 -1020.0843 73.0649
-1138.2322 -1020.0778 73.0621
-1138.8752 -1020.0794 73.0905
-1139.4790 -1020.0643 73.0903
-1140.0809 -1020.0620 73.0841
-1140.6746 -1020.0645 73.0889
-1141.3354 -1020.0698 73.0610
-1141.9232 -1020.0635 73.0833
-1142.5131 -1020.0559 73.0963
-1143.1548 -1020.0482 73.0994
-1143.7520 -1020.0444 73.1165
-1144.3055 -1020.0364 73.0984
-1144.9996 -1020.0307 73.1049
-1145.6584 -1020.0241 73.0694
-1146.2460 -1020.0204 73.0996
-1146.8835 -1020.0194 73.1105
-1147.4752 -1020.0113 73.1050
-1148.0616 -1020.0042 73.1282
-1148.6495 -1019.9976 73.1307
-1149.2904 -1019.9876 73.1484
-1149.9546 -1019.9792 73.1118
-1150.5529 -1019.9667 73.1227
-1151.1624 -1019.9579 73.0925
-1151.8099 -1019.9466 73.1127
-1152.4141 -1019.9437 73.1204
-1153.0725 -1019.9459 73.1158
-1153.6760 -1019.9476 73.1217
-1154.3344 -1019.9434 73.1295
-1154.9402 -1019.9394 73.1287
-1155.5963 -1019.9402 73.1280
-1156.2010 -1019.9351 73.1264
-1156.8602 -1019.9282 73.1387
-1157.4573 -1019.9251 73.1599
-1158.0731 -1019.9319 73.1125
-1158.7239 -1019.9310 73.1191
-1159.3224 -1019.9291 73.1434
-1159.9120 -1019.9302 73.1679
-1160.5120 -1019.9292 73.1673
-1161.1676 -1019.9261 73.1071
-1161.7498 -1019.9244 73.1388
-1162.3892 -1019.9218 73.1407
-1163.0558 -1019.9167 73.1969
-1163.6550 -1019.9193 73.1516
-1164.2441 -1019.9198 73.1350
-1164.8241 -1019.9166 73.1559
-1165.4100 -1019.9075 73.1625
-1166.0491 -1019.9028 73.1606
-1166.6876 -1019.9032 73.1639
-1167.3259 -1019.8867 73.1638
-1167.9144 -1019.8707 73.1667
-1168.5955 -1019.8735 73.1875
-1169.1949 -1019.8788 73.1607
-1169.7963 -1019.8771 73.1428
-1170.3875 -1019.8722 73.1510
-1170.9740 -1019.8718 73.1579
-1171.5736 -1019.8719 73.1698
-1172.2194 -1019.8723 73.1774
-1172.8199 -1019.8752 73.1561
-1173.4227 -1019.8756 73.1518
-1174.0654 -1019.8700 73.1595
-1174.7061 -1019.8706 73.1789
-1175.4009 -1019.8737 73.1888
-1175.9993 -1019.8729 73.1882
-1176.6021 -1019.8688 73.1885
-1177.2118 -1019.8651 73.1738
-1177.8148 -1019.8560 73.1697
-1178.4686 -1019.8552 73.1719
-1179.1326 -1019.8482 73.1948
-1179.7848 -1019.8469 73.1811
-1180.4948 -1019.8516 73.1808
-1181.1506 -1019.8639 73.1437
-1181.7847 -1019.8696 73.1653
-1182.4768 -1019.8772 73.2025
-1183.1180 -1019.8790 73.1930
-1183.8209 -1019.8883 73.1676
-1184.4728 -1019.8910 73.1475
-1185.1576 -1019.8938 73.1975
-1185.7930 -1019.8950 73.1961
-1186.4939 -1019.8986 73.1651
-1187.1312 -1019.9053 73.1735
-1187.8136 -1019.9037 73.1849
-1188.4395 -1019.9054 73.2069
-1189.1323 -1019.9070 73.1926
-1189.7614 -1019.9089 73.1876
-1190.4409 -1019.9028 73.1812
-1191.0699 -1019.9058 73.1979
-1191.6929 -1019.9155 73.2185
-1192.3252 -1019.9211 73.1936
-1192.9542 -1019.9200 73.1876
-1193.6381 -1019.9239 73.1851
-1194.2523 -1019.9280 73.2189
-1194.8778 -1019.9288 73.2065
-1195.5605 -1019.9141 73.2191
-1196.1968 -1019.9049 73.2020
-1196.8254 -1019.9060 73.1912
-1197.5018 -1019.9045 73.1798
-1198.1179 -1019.8951 73.2163
-1198.7339 -1019.8937 73.2129
-1199.3467 -1019.8950 73.1991
-1200.0106 -1019.8901 73.1819
-1200.6144 -1019.8834 73.1807
-1201.1960 -1019.8871 73.2581
-1201.8890 -1019.9025 73.2252
-1202.5376 -1019.9028 73.2000
-1203.2345 -1019.9059 73.1932
-1203.8623 -1019.8999 73.2082
-1204.5438 -1019.8857 73.2386
-1205.1804 -1019.8636 73.2408
-1205.8148 -1019.8436 73.2443
-1206.5243 -1019.8312 73.2241
-1207.1740 -1019.8288 73.2158
-1207.8867 -1019.8239 73.1945
-1208.5819 -1019.8179 73.1952
-1209.2181 -1019.8101 73.2131
-1209.9131 -1019.8051 73.2288
-1210.6063 -1019.7979 73.2284
-1211.2428 -1019.7855 73.2261
-1211.8728 -1019.7664 73.2155
-1212.4854 -1019.7615 73.2464
-1213.1632 -1019.7611 73.2594
-1213.7944 -1019.7548 73.2399
-1214.4729 -1019.7408 73.2193
-1215.0990 -1019.7329 73.1893
-1215.7024 -1019.7200 73.2295
-1216.2977 -1019.7065 73.2816
-1216.8660 -1019.6915 73.2577
-1217.5875 -1019.6768 73.2457
-1218.2614 -1019.6638 73.2358
-1218.9238 -1019.6506 73.2475
-1219.5311 -1019.6390 73.2649
-1220.1514 -1019.6196 73.2604
-1220.7656 -1019.5986 73.2610
-1221.4832 -1019.5785 73.2597
-1222.0951 -1019.5654 73.2681
-1222.6958 -1019.5410 73.2864
-1223.3014 -1019.5227 73.2789
-1223.9521 -1019.5107 73.2966
-1224.5583 -1019.5045 73.2994
-1225.2162 -1019.4923 73.3320
-1225.8925 -1019.4817 73.2977
-1226.5157 -1019.4773 73.2782
-1227.1953 -1019.4633 73.2669
-1227.8577 -1019.4457 73.2836
-1228.4707 -1019.4329 73.2935
-1229.0819 -1019.4221 73.3060
-1229.6912 -1019.4097 73.3208
-1230.3029 -1019.3981 73.3228
-1230.9846 -1019.3865 73.3062
-1231.6062 -1019.3815 73.3090
-1232.2280 -1019.3737 73.3064
-1232.8429 -1019.3639 73.3089
-1233.5186 -1019.3472 73.3192
-1234.2010 -1019.3348 73.3207
-1234.8295 -1019.3189 73.3196
-1235.5266 -1019.3082 73.2940
-1236.1610 -1019.2910 73.2894
-1236.8475 -1019.2744 73.3014
-1237.5298 -1019.2583 73.3138
-1238.1711 -1019.2484 73.3083
-1238.8649 -1019.2289 73.3193
-1239.5741 -1019.2089 73.2877
-1240.2188 -1019.1909 73.2706
-1240.9188 -1019.1830 73.2811
-1241.5649 -1019.1559 73.2787
-1242.2699 -1019.1292 73.2837
-1242.9789 -1019.1004 73.2478
-1243.6206 -1019.0575 73.2520
-1244.3098 -1018.9949 73.2851
-1244.9506 -1018.9426 73.2684
-1245.6825 -1018.8793 73.2392
-1246.4189 -1018.8167 73.2490
-1247.0918 -1018.7652 73.2661
-1247.8464 -1018.6984 73.2406
-1248.5514 -1018.6429 73.2218
-1249.2690 -1018.5842 73.1970
-1250.0514 -1018.5206 73.1667
-1250.8318 -1018.4412 73.1234
-1251.5288 -1018.3744 73.1370
-1252.2787 -1018.2996 73.1889
-1253.0437 -1018.2106 73.1679
-1253.7705 -1018.1336 73.1119
-1254.4995 -1018.0552 73.0534
-1255.2061 -1017.9764 73.0706
-1255.9733 -1017.8790 73.0706
-1256.6658 -1017.7914 73.0710
-1257.3475 -1017.7118 73.0829
-1258.0834 -1017.6240 73.1120
-1258.6501 -1017.5616 73.1185
-1259.4554 -1017.4718 73.0738
-1260.1956 -1017.3788 73.0765
-1260.8687 -1017.2894 73.1041
-1261.6644 -1017.1921 73.0682
-1262.3558 -1017.1027 73.0411
-1263.0205 -1017.0046 73.0722
-1263.6902 -1016.9143 73.0861
-1264.3627 -1016.8318 73.0731
-1265.0957 -1016.7319 73.0508
-1265.7737 -1016.6343 73.0387
-1266.4917 -1016.5469 73.0505
-1267.1632 -1016.4626 73.0323
-1267.8821 -1016.3616 73.0317
-1268.5375 -1016.2692 73.0628
-1269.2605 -1016.1773 73.0400
-1269.9891 -1016.0808 73.0287
-1270.6564 -1015.9871 73.0083
-1271.3726 -1015.8918 73.0334
-1272.0864 -1015.7848 73.0250
-1272.8026 -1015.6807 73.0280
-1273.4652 -1015.5921 73.0110
-1274.1366 -1015.4954 73.0068
-1274.8552 -1015.3842 72.9937
-1275.5176 -1015.2893 72.9930
-1276.2415 -1015.1879 72.9751
-1276.9651 -1015.0762 72.9659
-1277.6171 -1014.9733 72.9682
-1278.3237 -1014.8705 72.9832
-1279.0251 -1014.7620 72.9971
-1279.6692 -1014.6700 73.0020
-1280.3234 -1014.5714 72.9820
-1281.0300 -1014.4650 72.9727
-1281.6724 -1014.3693 72.9753
-1282.3248 -1014.2660 72.9597
-1283.0179 -1014.1497 72.9724
-1283.7218 -1014.0404 72.9591
-1284.3593 -1013.9534 72.9400
-1284.9814 -1013.8677 72.9804
-1285.6581 -1013.7762 72.9986
-1286.3451 -1013.6844 72.9812
-1286.9701 -1013.5950 72.9681
-1287.5767 -1013.5014 72.9799
-1288.2189 -1013.3965 73.0340
-1288.8379 -1013.3000 73.0460
-1289.4456 -1013.2045 73.0462
-1290.0420 -1013.1175 73.0618
-1290.6804 -1013.0139 73.0657
-1291.2499 -1012.9176 73.0695
-1291.8162 -1012.8292 73.0609
-1292.3040 -1012.7561 73.0754
-1292.9165 -1012.6650 73.1759
-1293.4124 -1012.5778 73.1822
-1293.9514 -1012.4957 73.1861
-1294.4753 -1012.4300 73.2233
-1295.0323 -1012.3496 73.2454
-1295.5211 -1012.2870 73.2680
-1296.0037 -1012.2271 73.3195
-1296.4233 -1012.1657 73.3471
-1296.8408 -1012.1282 73.3908
-1297.3010 -1012.1042 73.4122
-1297.7950 -1012.0627 73.4276
-1298.2720 -1012.0251 73.5253
-1298.7433 -1011.9813 73.5930
-1299.2206 -1011.9463 73.6255
-1299.6743 -1011.9213 73.6677
-1300.1475 -1011.8837 73.7465
-1300.5624 -1011.8433 73.7882
-1300.9286 -1011.8142 73.7980
-1301.1945 -1011.7989 73.8494
-1301.2307 -1011.7975 73.9029
-1301.2250 -1011.7959 73.8453
-1301.1882 -1011.7972 73.7824